0
471
268
528
380
504
449
267
262
301
213
241
303
464
408
529
384
250
381
334
470
387
459
305
344
433
308
466
115
187
300
280
303
90
156
199
312
300
346
197
129
272
123
168
130
168
194
251
478
359
146
412
491
406
400
331
402
553
406
275
430
424
334
547
284
307
101
347
165
203
143
151
170
307
243
206
168
379
225
272
290
254
373
373
294
222
300
185
294
336
276
454
82
92
350
241
330
158
156
343
392
250
326
246
131
263
205
249
181
275
186
475
109
107
34
133
162
135
121
158
186
313
283
232
178
269
148
347
405
180
251
257
107
98
160
104
157
131
118
116
176
190
235
221
425
265
378
408
418
254
291
185
346
310
356
501
102
116
311
221
362
45
143
235
394
145
411
235
160
171
86
125
142
160
197
202
222
146
108
175
207
152
251
146
208
276
177
159
225
273
302
293
371
323
154
518
233
292
260
197
120
162
99
167
156
440
251
388
464
358
507
568
436
371
424
343
373
533
295
452
153
238
372
447
572
191
247
448
452
397
531
429
248
391
191
405
144
280
169
422
477
332
170
565
436
375
401
322
323
462
292
283
429
676
431
721
391
351
246
403
410
449
437
265
134
179
129
154
309
376
470
372
294
163
217
280
390
192
347
188
222
241
202
268
77
168
246
260
312
212
160
307
780
505
769
323
353
540
226
360
254
294
301
492
311
234
155
321
627
527
497
385
339
386
248
244
365
393
382
611
270
369
112
306
218
285
221
182
329
789
386
419
291
483
311
461
248
201
391
325
288
208
229
180
209
289
228
361
64
106
228
218
279
245
185
328
344
364
279
217
206
387
240
295
284
390
294
578
94
83
35
86
143
90
137
117
336
457
292
265
193
328
152
434
440
328
280
311
221
193
237
232
157
254
130
149
378
318
439
387
419
271
526
465
570
251
393
348
320
429
322
394
143
221
397
334
327
102
126
290
625
149
527
338
274
418
156
220
253
223
277
355
398
243
181
327
546
319
467
361
337
393
339
176
532
566
571
485
171
130
60
163
143
119
149
65
26
41
38
53
82
189
123
209
164
139
144
200
174
137
159
145
122
190
105
188
81
101
229
254
429
231
164
456
520
428
556
538
370
628
215
396
191
216
217
477
289
176
120
302
518
433
425
361
158
342
101
139
501
635
407
544
597
423
319
522
303
255
260
190
248
401
262
251
349
334
370
417
166
96
156
173
149
109
154
107
217
218
143
213
84
106
191
195
287
94
143
249
241
128
239
151
133
163
96
129
123
127
138
198
386
248
173
310
298
214
321
215
414
445
325
263
343
225
281
517
550
532
237
559
309
311
267
212
285
666
437
382
308
551
337
543
333
247
618
494
284
216
296
136
328
306
246
440
78
148
374
328
416
311
201
523
526
471
410
311
272
554
354
407
379
497
423
680
158
183
42
235
231
203
167
180
395
485
535
395
231
345
204
585
474
232
331
389
71
72
90
75
207
125
128
124
211
209
288
316
582
283
424
483
182
96
154
167
475
446
448
605
164
131
384
354
327
72
133
281
285
104
297
173
150
115
90
120
124
123
166
197
284
138
128
239
293
126
300
187
276
309
220
216
320
208
297
380
291
224
135
453
134
204
163
183
124
175
89
183
102
267
199
360
239
279
420
399
210
175
219
194
280
413
287
373
87
130
346
343
373
165
177
380
298
298
346
352
220
303
165
302
131
178
164
246
422
315
164
513
414
352
350
381
447
475
319
343
331
441
343
462
322
378
215
312
208
333
314
186
95
223
107
141
381
476
463
449
184
158
185
217
276
287
371
180
181
301
145
254
92
126
271
186
171
66
74
91
141
190
163
96
95
121
72
70
105
134
169
176
157
153
87
152
378
412
421
359
237
356
211
168
331
338
356
566
317
474
141
403
278
325
312
227
226
614
422
443
263
725
376
496
176
228
508
379
328
276
318
173
219
285
325
368
82
144
442
329
334
206
164
403
398
480
451
350
175
338
230
288
238
427
314
511
136
128
35
178
150
167
172
246
237
494
432
226
196
559
224
664
583
326
362
537
169
159
247
181
221
252
145
232
353
373
508
452
446
301
432
420
565
333
486
272
331
554
395
619
190
313
800
486
450
87
200
280
513
192
699
323
194
203
169
164
200
331
372
462
215
151
145
192
280
203
352
238
195
297
203
147
334
404
470
386
376
416
199
689
235
503
307
261
114
215
137
180
194
721
436
669
418
423
603
605
497
405
413
377
306
561
306
465
167
267
501
599
402
191
258
437
358
519
453
515
112
412
153
350
190
327
237
471
472
458
197
674
638
570
468
543
344
618
303
385
546
600
531
562
