1
3
4
2
7
6
11
10
19
16
19
29
28
25
31
32
38
39
47
56
46
39
41
37
48
41
45
29
30
33
32
25
22
28
28
25
25
21
24
18
25
21
17
11
10
13
9
9
12
9
6
11
10
9
1
9
7
4
3
3
5
2
2
2
2
2
4
2
3
0
1
1
5
0
2
2
1
2
2
1
0
3
3
1
1
1
2
3
0
1
4
1
2
0
2
2
4
0
1
1
0
3
3
0
2
2
2
4
1
2
0
0
2
0
1
2
2
1
1
1
3
2
1
4
3
2
3
1
4
3
4
4
0
3
3
2
2
3
2
2
0
3
1
7
3
5
3
1
2
4
2
3
3
3
4
1
5
3
5
3
4
0
2
5
7
3
2
5
5
4
2
3
1
4
1
4
5
2
3
1
5
4
2
3
1
4
4
2
2
1
6
5
3
2
4
2
1
5
1
3
3
2
2
5
2
1
3
2
4
3
1
2
2
2
1
5
3
5
3
2
3
6
3
2
2
3
3
1
3
2
1
3
4
1
1
5
0
5
3
3
1
4
0
2
1
1
6
3
5
2
2
6
1
1
6
1
0
1
1
0
3
1
2
3
0
3
0
4
2
1
1
2
4
1
1
2
5
1
1
3
7
2
0
3
4
4
0
3
3
2
2
3
3
2
5
2
1
3
3
0
4
4
3
5
0
1
4
4
2
3
2
7
4
2
2
1
1
1
2
3
2
2
3
4
0
4
2
4
6
2
1
6
1
3
6
0
2
2
3
2
0
0
1
6
3
1
4
3
1
1
4
1
3
2
2
1
3
0
2
2
2
3
2
0
1
1
0
0
1
1
2
3
3
6
1
1
3
1
4
3
3
3
2
0
2
2
4
3
1
1
2
3
1
3
2
3
1
2
2
1
1
2
2
3
1
3
2
2
2
0
2
1
3
2
2
0
2
1
3
2
2
1
3
3
3
2
0
1
1
4
1
1
2
2
1
0
3
3
0
1
3
1
1
1
0
1
2
2
2
3
1
1
3
2
1
0
1
1
1
1
0
1
3
1
2
2
1
1
1
0
3
3
1
0
2
3
1
2
1
0
1
0
0
2
0
2
2
0
0
0
0
1
1
0
2
0
1
3
0
0
0
3
0
1
1
1
0
1
2
0
0
1
0
2
0
1
0
1
2
1
1
0
1
1
0
0
2
2
1
1
0
2
2
1
0
1
0
1
1
0
1
0
0
2
1
0
2
1
0
0
1
1
0
1
2
0
1
0
0
2
0
1
1
0
0
2
2
0
1
0
2
1
1
0
0
0
0
0
1
0
0
0
1
1
0
1
0
0
0
0
0
0
0
0
0
0
0
1
0
1
1
0
0
1
0
2
0
0
0
0
0
1
0
0
1
0
0
0
2
1
0
0
0
0
0
1
0
1
1
0
0
0
0
0
0
1
0
0
1
0
0
0
0
0
0
0
0
0
0
0
0
0
0
0
0
0
0
0
0
0
0
0
0
0
1
0
1
0
0
1
0
0
0
0
1
0
1
0
0
0
1
0
0
0
0
0
0
0
0
1
0
0
0
0
0
0
0
0
0
1
0
0
0
0
0
0
0
0
0
0
0
0
0
0
0
0
0
0
0
0
0
2
0
0
0
1
0
0
0
0
0
0
0
0
0
0
0
0
0
0
0
0
0
0
0
0
0
0
0
0
0
0
0
0
0
0
0
0
0
0
0
0
0
0
0
0
0
0
0
1
0
0
0
0
0
0
0
0
0
0
1
0
0
0
0
0
0
0
0
1
0
0
0
0
0
0
0
0
0
0
1
